BER Sweep Aggregate Summary
k=6144
snr_db=0.0000
frames_run=8
bit_errors=436
total_bits=49152
frame_errors=8
fer=1.000000000000
valid_outputs=49152
missing_outputs=0
malformed_llr_lines=0
ber_total=0.008870442708
ber_with_missing_as_errors=0.008870442708
