BER Sweep Aggregate Summary
k=6144
snr_db=2.0000
frames_run=8
bit_errors=34
total_bits=49152
frame_errors=7
fer=0.875000000000
valid_outputs=49152
missing_outputs=0
malformed_llr_lines=0
ber_total=0.000691731771
ber_with_missing_as_errors=0.000691731771
