BER Sweep Aggregate Summary
k=3200
snr_db=1.5000
frames_run=8
bit_errors=26
total_bits=25600
frame_errors=6
fer=0.750000000000
valid_outputs=25600
missing_outputs=0
malformed_llr_lines=0
ber_total=0.001015625000
ber_with_missing_as_errors=0.001015625000
