BER Sweep Aggregate Summary
k=3200
snr_db=2.0000
frames_run=8
bit_errors=17
total_bits=25600
frame_errors=8
fer=1.000000000000
valid_outputs=25600
missing_outputs=0
malformed_llr_lines=0
ber_total=0.000664062500
ber_with_missing_as_errors=0.000664062500
